{
  "cells": [
    {
      "cell_type": "markdown",
      "metadata": {
        "id": "JItfetVMQg42"
      },
      "source": [
        "## Creating a Linear Regression Model With Numpy"
      ]
    },
    {
      "cell_type": "code",
      "execution_count": 2,
      "metadata": {
        "id": "5CrSxO7CQg46"
      },
      "outputs": [],
      "source": [
        "import numpy as np\n",
        "import pandas as pd\n",
        "import matplotlib.pyplot as plt\n",
        "from sklearn import linear_model as lm\n",
        "from sklearn.model_selection import train_test_split\n",
        "from sklearn.metrics import mean_absolute_percentage_error\n"
      ]
    },
    {
      "cell_type": "code",
      "execution_count": 5,
      "metadata": {
        "colab": {
          "base_uri": "https://localhost:8080/",
          "height": 833
        },
        "id": "a6qei0rvm1OK",
        "outputId": "94ed1306-ebcf-44a3-ce02-c407e3568d20"
      },
      "outputs": [
        {
          "data": {
            "text/html": [
              "<div>\n",
              "<style scoped>\n",
              "    .dataframe tbody tr th:only-of-type {\n",
              "        vertical-align: middle;\n",
              "    }\n",
              "\n",
              "    .dataframe tbody tr th {\n",
              "        vertical-align: top;\n",
              "    }\n",
              "\n",
              "    .dataframe thead th {\n",
              "        text-align: right;\n",
              "    }\n",
              "</style>\n",
              "<table border=\"1\" class=\"dataframe\">\n",
              "  <thead>\n",
              "    <tr style=\"text-align: right;\">\n",
              "      <th></th>\n",
              "      <th>Month</th>\n",
              "      <th>Demand</th>\n",
              "      <th>Advance demand</th>\n",
              "      <th>Constant</th>\n",
              "    </tr>\n",
              "  </thead>\n",
              "  <tbody>\n",
              "    <tr>\n",
              "      <th>0</th>\n",
              "      <td>1</td>\n",
              "      <td>100</td>\n",
              "      <td>71</td>\n",
              "      <td>1.0</td>\n",
              "    </tr>\n",
              "    <tr>\n",
              "      <th>1</th>\n",
              "      <td>2</td>\n",
              "      <td>112</td>\n",
              "      <td>30</td>\n",
              "      <td>1.0</td>\n",
              "    </tr>\n",
              "    <tr>\n",
              "      <th>2</th>\n",
              "      <td>3</td>\n",
              "      <td>107</td>\n",
              "      <td>75</td>\n",
              "      <td>1.0</td>\n",
              "    </tr>\n",
              "    <tr>\n",
              "      <th>3</th>\n",
              "      <td>4</td>\n",
              "      <td>103</td>\n",
              "      <td>64</td>\n",
              "      <td>1.0</td>\n",
              "    </tr>\n",
              "    <tr>\n",
              "      <th>4</th>\n",
              "      <td>5</td>\n",
              "      <td>91</td>\n",
              "      <td>41</td>\n",
              "      <td>1.0</td>\n",
              "    </tr>\n",
              "    <tr>\n",
              "      <th>5</th>\n",
              "      <td>6</td>\n",
              "      <td>85</td>\n",
              "      <td>51</td>\n",
              "      <td>1.0</td>\n",
              "    </tr>\n",
              "    <tr>\n",
              "      <th>6</th>\n",
              "      <td>7</td>\n",
              "      <td>84</td>\n",
              "      <td>42</td>\n",
              "      <td>1.0</td>\n",
              "    </tr>\n",
              "    <tr>\n",
              "      <th>7</th>\n",
              "      <td>8</td>\n",
              "      <td>85</td>\n",
              "      <td>51</td>\n",
              "      <td>1.0</td>\n",
              "    </tr>\n",
              "    <tr>\n",
              "      <th>8</th>\n",
              "      <td>9</td>\n",
              "      <td>79</td>\n",
              "      <td>57</td>\n",
              "      <td>1.0</td>\n",
              "    </tr>\n",
              "    <tr>\n",
              "      <th>9</th>\n",
              "      <td>10</td>\n",
              "      <td>81</td>\n",
              "      <td>49</td>\n",
              "      <td>1.0</td>\n",
              "    </tr>\n",
              "    <tr>\n",
              "      <th>10</th>\n",
              "      <td>11</td>\n",
              "      <td>134</td>\n",
              "      <td>134</td>\n",
              "      <td>1.0</td>\n",
              "    </tr>\n",
              "    <tr>\n",
              "      <th>11</th>\n",
              "      <td>12</td>\n",
              "      <td>86</td>\n",
              "      <td>52</td>\n",
              "      <td>1.0</td>\n",
              "    </tr>\n",
              "    <tr>\n",
              "      <th>12</th>\n",
              "      <td>13</td>\n",
              "      <td>99</td>\n",
              "      <td>99</td>\n",
              "      <td>1.0</td>\n",
              "    </tr>\n",
              "    <tr>\n",
              "      <th>13</th>\n",
              "      <td>14</td>\n",
              "      <td>89</td>\n",
              "      <td>56</td>\n",
              "      <td>1.0</td>\n",
              "    </tr>\n",
              "    <tr>\n",
              "      <th>14</th>\n",
              "      <td>15</td>\n",
              "      <td>111</td>\n",
              "      <td>81</td>\n",
              "      <td>1.0</td>\n",
              "    </tr>\n",
              "    <tr>\n",
              "      <th>15</th>\n",
              "      <td>16</td>\n",
              "      <td>114</td>\n",
              "      <td>79</td>\n",
              "      <td>1.0</td>\n",
              "    </tr>\n",
              "    <tr>\n",
              "      <th>16</th>\n",
              "      <td>17</td>\n",
              "      <td>118</td>\n",
              "      <td>73</td>\n",
              "      <td>1.0</td>\n",
              "    </tr>\n",
              "    <tr>\n",
              "      <th>17</th>\n",
              "      <td>18</td>\n",
              "      <td>163</td>\n",
              "      <td>163</td>\n",
              "      <td>1.0</td>\n",
              "    </tr>\n",
              "    <tr>\n",
              "      <th>18</th>\n",
              "      <td>19</td>\n",
              "      <td>193</td>\n",
              "      <td>193</td>\n",
              "      <td>1.0</td>\n",
              "    </tr>\n",
              "    <tr>\n",
              "      <th>19</th>\n",
              "      <td>20</td>\n",
              "      <td>143</td>\n",
              "      <td>99</td>\n",
              "      <td>1.0</td>\n",
              "    </tr>\n",
              "    <tr>\n",
              "      <th>20</th>\n",
              "      <td>21</td>\n",
              "      <td>144</td>\n",
              "      <td>91</td>\n",
              "      <td>1.0</td>\n",
              "    </tr>\n",
              "    <tr>\n",
              "      <th>21</th>\n",
              "      <td>22</td>\n",
              "      <td>202</td>\n",
              "      <td>202</td>\n",
              "      <td>1.0</td>\n",
              "    </tr>\n",
              "    <tr>\n",
              "      <th>22</th>\n",
              "      <td>23</td>\n",
              "      <td>158</td>\n",
              "      <td>105</td>\n",
              "      <td>1.0</td>\n",
              "    </tr>\n",
              "    <tr>\n",
              "      <th>23</th>\n",
              "      <td>24</td>\n",
              "      <td>160</td>\n",
              "      <td>101</td>\n",
              "      <td>1.0</td>\n",
              "    </tr>\n",
              "    <tr>\n",
              "      <th>24</th>\n",
              "      <td>25</td>\n",
              "      <td>144</td>\n",
              "      <td>96</td>\n",
              "      <td>1.0</td>\n",
              "    </tr>\n",
              "  </tbody>\n",
              "</table>\n",
              "</div>"
            ],
            "text/plain": [
              "    Month  Demand  Advance demand  Constant\n",
              "0       1     100              71       1.0\n",
              "1       2     112              30       1.0\n",
              "2       3     107              75       1.0\n",
              "3       4     103              64       1.0\n",
              "4       5      91              41       1.0\n",
              "5       6      85              51       1.0\n",
              "6       7      84              42       1.0\n",
              "7       8      85              51       1.0\n",
              "8       9      79              57       1.0\n",
              "9      10      81              49       1.0\n",
              "10     11     134             134       1.0\n",
              "11     12      86              52       1.0\n",
              "12     13      99              99       1.0\n",
              "13     14      89              56       1.0\n",
              "14     15     111              81       1.0\n",
              "15     16     114              79       1.0\n",
              "16     17     118              73       1.0\n",
              "17     18     163             163       1.0\n",
              "18     19     193             193       1.0\n",
              "19     20     143              99       1.0\n",
              "20     21     144              91       1.0\n",
              "21     22     202             202       1.0\n",
              "22     23     158             105       1.0\n",
              "23     24     160             101       1.0\n",
              "24     25     144              96       1.0"
            ]
          },
          "execution_count": 5,
          "metadata": {},
          "output_type": "execute_result"
        }
      ],
      "source": [
        "#designing regression model\n",
        "df = pd.read_csv('/Users/pelumioluwaabiola/Downloads/Predictive Modelling/Data set/data_demand.csv')\n",
        "df['Constant'] = pd.Series(np.ones(25))\n",
        "df"
      ]
    },
    {
      "cell_type": "markdown",
      "metadata": {
        "id": "N8xVHoCBoa4e"
      },
      "source": [
        "demand lead time: time lapse from when order is placed to when it is delivered\n",
        "\n",
        "Demand lead time varies for each order from 2 weeks - several months\n",
        "\n",
        "The sum of orders with a demand lead time that is more than one months is advanced demand\n",
        "\n",
        "\n",
        "\n",
        "𝑌 : The vector of demand values from the second month to the last month (month 25)\n",
        "\n",
        "• 𝑋 : The vector of demand values from the first month to the twenty-fourth month\n",
        "\n",
        "• 𝐿 : The vector of advance demand values from the second\n",
        "month to the last month (month 25)\n",
        "\n",
        "E T E = (𝑌 − 𝑋𝛽)T (𝑌 − 𝑋𝛽)\n",
        "subject to: 𝑋𝛽 ≥ 𝐿\n",
        "\n",
        "ESTIMATION OF THE COEFFICIENTS\n",
        "\n",
        "𝛽\"#$ = (𝑋 T 𝑋)-1 (𝑋 T 𝑌 + 0.5𝑋 T 𝜆)\n",
        "\n",
        "where 𝜆 = 2(𝑋(𝑋 T 𝑋) -1  𝑋 T )-1 𝐿 − 2𝑌\n"
      ]
    },
    {
      "cell_type": "code",
      "execution_count": null,
      "metadata": {
        "id": "BEi8A_sknB-I"
      },
      "outputs": [],
      "source": [
        "# demand lead time: time lapse from when order is placed to when it is delivered\n"
      ]
    },
    {
      "cell_type": "code",
      "execution_count": 4,
      "metadata": {
        "id": "Tk8LGOv7nKFI"
      },
      "outputs": [],
      "source": [
        "import numpy as np\n",
        "\n",
        "def model(X,Y,lambda_,L):\n",
        "  XT_X = np.dot(X.T,X)\n",
        "  XT_Y = np.dot(X.T,Y)\n",
        "  inv_XT_X = np.linalg.inv(XT_X)\n",
        "  XT_lambda = 0.5* np.dot(X.T,lambda_)\n",
        "  beta = inv_XT_X *(XT_Y + XT_lambda)\n",
        "  return beta\n",
        "\n",
        "\n",
        "def lambda_(X,Y,L):\n",
        "  inv_XT_X = np.linalg.inv(np.dot(X.T,X))\n",
        "  XT_inv = np.dot(X,inv_XT_X)\n",
        "  XTX_inv = 2* np.linalg.inv(np.dot(XT_inv,X.T))\n",
        "  lambda_ = (XTX_inv * L) - (2*Y)\n",
        "  return lambda_\n",
        "\n",
        "def regularisation(X,Y,beta):\n",
        "  if np.dot(X,beta) >= L:\n",
        "      X_B = np.dot(X,beta)\n",
        "      Y_XB = Y - X_B\n",
        "      beta = np.dot(Y_XB.T, Y_XB)\n",
        "  else:\n",
        "    beta = L\n",
        "  return beta\n",
        "\n",
        "\n",
        "#Define the variables\n",
        "D1 = df.loc[0:23,'Demand'].values\n",
        "A2 = df.loc[1:,'Advance demand'].values\n",
        "Con = df.loc[1:,'Constant'].values\n",
        "X = np.array(list(zip(Con,D1,A2)))\n",
        "Y = np.array(df.loc[1:,'Demand'].values)\n",
        "L = np.array(df.loc[1:,'Advance demand'].values)\n"
      ]
    },
    {
      "cell_type": "code",
      "execution_count": 71,
      "metadata": {
        "colab": {
          "base_uri": "https://localhost:8080/",
          "height": 833
        },
        "id": "RgA3abVa111y",
        "outputId": "0e906d36-7801-4a79-bfbc-efa19e6638d3"
      },
      "outputs": [
        {
          "data": {
            "text/html": [
              "<div>\n",
              "<style scoped>\n",
              "    .dataframe tbody tr th:only-of-type {\n",
              "        vertical-align: middle;\n",
              "    }\n",
              "\n",
              "    .dataframe tbody tr th {\n",
              "        vertical-align: top;\n",
              "    }\n",
              "\n",
              "    .dataframe thead th {\n",
              "        text-align: right;\n",
              "    }\n",
              "</style>\n",
              "<table border=\"1\" class=\"dataframe\">\n",
              "  <thead>\n",
              "    <tr style=\"text-align: right;\">\n",
              "      <th></th>\n",
              "      <th>Month</th>\n",
              "      <th>Demand</th>\n",
              "      <th>Advance demand</th>\n",
              "      <th>Constant</th>\n",
              "    </tr>\n",
              "  </thead>\n",
              "  <tbody>\n",
              "    <tr>\n",
              "      <th>0</th>\n",
              "      <td>1</td>\n",
              "      <td>100</td>\n",
              "      <td>71</td>\n",
              "      <td>1.0</td>\n",
              "    </tr>\n",
              "    <tr>\n",
              "      <th>1</th>\n",
              "      <td>2</td>\n",
              "      <td>112</td>\n",
              "      <td>30</td>\n",
              "      <td>1.0</td>\n",
              "    </tr>\n",
              "    <tr>\n",
              "      <th>2</th>\n",
              "      <td>3</td>\n",
              "      <td>107</td>\n",
              "      <td>75</td>\n",
              "      <td>1.0</td>\n",
              "    </tr>\n",
              "    <tr>\n",
              "      <th>3</th>\n",
              "      <td>4</td>\n",
              "      <td>103</td>\n",
              "      <td>64</td>\n",
              "      <td>1.0</td>\n",
              "    </tr>\n",
              "    <tr>\n",
              "      <th>4</th>\n",
              "      <td>5</td>\n",
              "      <td>91</td>\n",
              "      <td>41</td>\n",
              "      <td>1.0</td>\n",
              "    </tr>\n",
              "    <tr>\n",
              "      <th>5</th>\n",
              "      <td>6</td>\n",
              "      <td>85</td>\n",
              "      <td>51</td>\n",
              "      <td>1.0</td>\n",
              "    </tr>\n",
              "    <tr>\n",
              "      <th>6</th>\n",
              "      <td>7</td>\n",
              "      <td>84</td>\n",
              "      <td>42</td>\n",
              "      <td>1.0</td>\n",
              "    </tr>\n",
              "    <tr>\n",
              "      <th>7</th>\n",
              "      <td>8</td>\n",
              "      <td>85</td>\n",
              "      <td>51</td>\n",
              "      <td>1.0</td>\n",
              "    </tr>\n",
              "    <tr>\n",
              "      <th>8</th>\n",
              "      <td>9</td>\n",
              "      <td>79</td>\n",
              "      <td>57</td>\n",
              "      <td>1.0</td>\n",
              "    </tr>\n",
              "    <tr>\n",
              "      <th>9</th>\n",
              "      <td>10</td>\n",
              "      <td>81</td>\n",
              "      <td>49</td>\n",
              "      <td>1.0</td>\n",
              "    </tr>\n",
              "    <tr>\n",
              "      <th>10</th>\n",
              "      <td>11</td>\n",
              "      <td>134</td>\n",
              "      <td>134</td>\n",
              "      <td>1.0</td>\n",
              "    </tr>\n",
              "    <tr>\n",
              "      <th>11</th>\n",
              "      <td>12</td>\n",
              "      <td>86</td>\n",
              "      <td>52</td>\n",
              "      <td>1.0</td>\n",
              "    </tr>\n",
              "    <tr>\n",
              "      <th>12</th>\n",
              "      <td>13</td>\n",
              "      <td>99</td>\n",
              "      <td>99</td>\n",
              "      <td>1.0</td>\n",
              "    </tr>\n",
              "    <tr>\n",
              "      <th>13</th>\n",
              "      <td>14</td>\n",
              "      <td>89</td>\n",
              "      <td>56</td>\n",
              "      <td>1.0</td>\n",
              "    </tr>\n",
              "    <tr>\n",
              "      <th>14</th>\n",
              "      <td>15</td>\n",
              "      <td>111</td>\n",
              "      <td>81</td>\n",
              "      <td>1.0</td>\n",
              "    </tr>\n",
              "    <tr>\n",
              "      <th>15</th>\n",
              "      <td>16</td>\n",
              "      <td>114</td>\n",
              "      <td>79</td>\n",
              "      <td>1.0</td>\n",
              "    </tr>\n",
              "    <tr>\n",
              "      <th>16</th>\n",
              "      <td>17</td>\n",
              "      <td>118</td>\n",
              "      <td>73</td>\n",
              "      <td>1.0</td>\n",
              "    </tr>\n",
              "    <tr>\n",
              "      <th>17</th>\n",
              "      <td>18</td>\n",
              "      <td>163</td>\n",
              "      <td>163</td>\n",
              "      <td>1.0</td>\n",
              "    </tr>\n",
              "    <tr>\n",
              "      <th>18</th>\n",
              "      <td>19</td>\n",
              "      <td>193</td>\n",
              "      <td>193</td>\n",
              "      <td>1.0</td>\n",
              "    </tr>\n",
              "    <tr>\n",
              "      <th>19</th>\n",
              "      <td>20</td>\n",
              "      <td>143</td>\n",
              "      <td>99</td>\n",
              "      <td>1.0</td>\n",
              "    </tr>\n",
              "    <tr>\n",
              "      <th>20</th>\n",
              "      <td>21</td>\n",
              "      <td>144</td>\n",
              "      <td>91</td>\n",
              "      <td>1.0</td>\n",
              "    </tr>\n",
              "    <tr>\n",
              "      <th>21</th>\n",
              "      <td>22</td>\n",
              "      <td>202</td>\n",
              "      <td>202</td>\n",
              "      <td>1.0</td>\n",
              "    </tr>\n",
              "    <tr>\n",
              "      <th>22</th>\n",
              "      <td>23</td>\n",
              "      <td>158</td>\n",
              "      <td>105</td>\n",
              "      <td>1.0</td>\n",
              "    </tr>\n",
              "    <tr>\n",
              "      <th>23</th>\n",
              "      <td>24</td>\n",
              "      <td>160</td>\n",
              "      <td>101</td>\n",
              "      <td>1.0</td>\n",
              "    </tr>\n",
              "    <tr>\n",
              "      <th>24</th>\n",
              "      <td>25</td>\n",
              "      <td>144</td>\n",
              "      <td>96</td>\n",
              "      <td>1.0</td>\n",
              "    </tr>\n",
              "  </tbody>\n",
              "</table>\n",
              "</div>"
            ],
            "text/plain": [
              "    Month  Demand  Advance demand  Constant\n",
              "0       1     100              71       1.0\n",
              "1       2     112              30       1.0\n",
              "2       3     107              75       1.0\n",
              "3       4     103              64       1.0\n",
              "4       5      91              41       1.0\n",
              "5       6      85              51       1.0\n",
              "6       7      84              42       1.0\n",
              "7       8      85              51       1.0\n",
              "8       9      79              57       1.0\n",
              "9      10      81              49       1.0\n",
              "10     11     134             134       1.0\n",
              "11     12      86              52       1.0\n",
              "12     13      99              99       1.0\n",
              "13     14      89              56       1.0\n",
              "14     15     111              81       1.0\n",
              "15     16     114              79       1.0\n",
              "16     17     118              73       1.0\n",
              "17     18     163             163       1.0\n",
              "18     19     193             193       1.0\n",
              "19     20     143              99       1.0\n",
              "20     21     144              91       1.0\n",
              "21     22     202             202       1.0\n",
              "22     23     158             105       1.0\n",
              "23     24     160             101       1.0\n",
              "24     25     144              96       1.0"
            ]
          },
          "execution_count": 71,
          "metadata": {},
          "output_type": "execute_result"
        }
      ],
      "source": [
        "df"
      ]
    },
    {
      "cell_type": "code",
      "execution_count": 72,
      "metadata": {
        "colab": {
          "base_uri": "https://localhost:8080/"
        },
        "id": "_ry3HF_fMm5R",
        "outputId": "3ac49499-5470-4ac2-e78a-e97aa7eea1f3"
      },
      "outputs": [
        {
          "name": "stdout",
          "output_type": "stream",
          "text": [
            "[112 107 103  91  85  84  85  79  81 134  86  99  89 111 114 118 163 193\n",
            " 143 144 202 158 160 144]\n",
            "[ 30  75  64  41  51  42  51  57  49 134  52  99  56  81  79  73 163 193\n",
            "  99  91 202 105 101  96]\n"
          ]
        }
      ],
      "source": [
        "\n",
        "#Define the variables\n",
        "Y = df.iloc[1:, 1].values\n",
        "L = df.iloc[1:, 2].values\n",
        "x1 = df.iloc[0:24, 3].values\n",
        "x2 = df.iloc[0:25, 1].values\n",
        "x3 = df.iloc[1:, 2].values\n",
        "pre_X = list(zip(x1,x2,x3))\n",
        "X = np.array(pre_X)\n",
        "\n",
        "print(Y)\n",
        "print(L)\n",
        "\n"
      ]
    },
    {
      "cell_type": "code",
      "execution_count": 73,
      "metadata": {
        "colab": {
          "base_uri": "https://localhost:8080/"
        },
        "id": "_ohdJTuVCFCS",
        "outputId": "9b5c42f7-9292-48a4-c058-de93cb67e3fd"
      },
      "outputs": [
        {
          "name": "stdout",
          "output_type": "stream",
          "text": [
            "[[  1. 100.  30.]\n",
            " [  1. 112.  75.]\n",
            " [  1. 107.  64.]\n",
            " [  1. 103.  41.]\n",
            " [  1.  91.  51.]\n",
            " [  1.  85.  42.]\n",
            " [  1.  84.  51.]\n",
            " [  1.  85.  57.]\n",
            " [  1.  79.  49.]\n",
            " [  1.  81. 134.]\n",
            " [  1. 134.  52.]\n",
            " [  1.  86.  99.]\n",
            " [  1.  99.  56.]\n",
            " [  1.  89.  81.]\n",
            " [  1. 111.  79.]\n",
            " [  1. 114.  73.]\n",
            " [  1. 118. 163.]\n",
            " [  1. 163. 193.]\n",
            " [  1. 193.  99.]\n",
            " [  1. 143.  91.]\n",
            " [  1. 144. 202.]\n",
            " [  1. 202. 105.]\n",
            " [  1. 158. 101.]\n",
            " [  1. 160.  96.]]\n"
          ]
        }
      ],
      "source": [
        "print(X)"
      ]
    },
    {
      "cell_type": "code",
      "execution_count": 74,
      "metadata": {
        "colab": {
          "base_uri": "https://localhost:8080/"
        },
        "id": "aKMkW72t6b1R",
        "outputId": "9563996e-5059-4e62-91aa-8e17958e3e32"
      },
      "outputs": [
        {
          "name": "stdout",
          "output_type": "stream",
          "text": [
            "[[2.40000e+01 2.84100e+03 2.08400e+03]\n",
            " [2.84100e+03 3.65877e+05 2.64291e+05]\n",
            " [2.08400e+03 2.64291e+05 2.29792e+05]]\n"
          ]
        }
      ],
      "source": [
        "XT_X = np.dot(X.T,X)\n",
        "print(XT_X)"
      ]
    },
    {
      "cell_type": "code",
      "execution_count": 75,
      "metadata": {
        "colab": {
          "base_uri": "https://localhost:8080/"
        },
        "id": "lvhkj9wY8Woy",
        "outputId": "153b5e30-d3e5-4735-d191-92f5af839c57"
      },
      "outputs": [
        {
          "name": "stdout",
          "output_type": "stream",
          "text": [
            "[[ 5.22496431e-01 -3.74839679e-03 -4.27408373e-04]\n",
            " [-3.74839679e-03  4.30441531e-05 -1.55119558e-05]\n",
            " [-4.27408373e-04 -1.55119558e-05  2.60687463e-05]]\n"
          ]
        }
      ],
      "source": [
        "inv_XT_X = np.linalg.inv(XT_X)\n",
        "print(inv_XT_X)"
      ]
    },
    {
      "cell_type": "code",
      "execution_count": 76,
      "metadata": {
        "colab": {
          "base_uri": "https://localhost:8080/"
        },
        "id": "Euu9CkR1AbLM",
        "outputId": "29f555b3-a984-4f6c-e6ac-99caef82d32b"
      },
      "outputs": [
        {
          "name": "stdout",
          "output_type": "stream",
          "text": [
            "[[ 1.34834500e-01  9.06598412e-05 -1.19654156e-03]\n",
            " [ 7.06203620e-02 -9.08483324e-05 -2.09591447e-04]\n",
            " [ 9.40638381e-02 -1.35437584e-04 -4.18787878e-04]\n",
            " [ 1.18887818e-01  4.91607868e-05 -9.56321220e-04]\n",
            " [ 1.59594496e-01 -6.22488608e-04 -5.09490287e-04]\n",
            " [ 1.85931552e-01 -7.41145925e-04 -6.51037270e-04]\n",
            " [ 1.85833273e-01 -9.23797680e-04 -4.00906597e-04]\n",
            " [ 1.79520426e-01 -9.73825262e-04 -2.60006074e-04]\n",
            " [ 2.05430074e-01 -1.10799453e-03 -3.75484310e-04]\n",
            " [ 1.61603569e-01 -2.34042247e-03  1.80933522e-03]\n",
            " [-2.01397491e-03  1.21289802e-03 -1.15043564e-03]\n",
            " [ 1.57820878e-01 -1.58228325e-03  8.19369316e-04]\n",
            " [ 1.27470279e-01 -3.55695163e-04 -5.03242202e-04]\n",
            " [ 1.54269038e-01 -1.17393559e-03  3.03596015e-04]\n",
            " [ 7.26591253e-02 -1.95940309e-04 -8.98045057e-05]\n",
            " [ 6.39783851e-02  2.62638854e-05 -2.92752851e-04]\n",
            " [ 1.05180444e-02 -1.19763552e-03  1.99138650e-03]\n",
            " [-1.70982063e-01  2.73992692e-04  2.07541088e-03]\n",
            " [-2.43257579e-01  3.02344113e-03 -8.40409954e-04]\n",
            " [-5.24184726e-02  9.95329121e-04 -2.73362135e-04]\n",
            " [-1.03609199e-01 -6.83453819e-04  2.60475675e-03]\n",
            " [-2.79557601e-01  3.31776677e-03 -8.23605078e-04]\n",
            " [-1.12918508e-01  1.48587186e-03 -2.45354009e-04]\n",
            " [-1.18278260e-01  1.64951994e-03 -4.06721652e-04]]\n"
          ]
        }
      ],
      "source": [
        "#for alpha\n",
        "X_inv_XT_X = np.dot(X,inv_XT_X)\n",
        "print(X_inv_XT_X)"
      ]
    },
    {
      "cell_type": "code",
      "execution_count": 77,
      "metadata": {
        "colab": {
          "base_uri": "https://localhost:8080/"
        },
        "id": "2R7gLuFrBhfi",
        "outputId": "645a5714-505f-4d23-8598-93270da50025"
      },
      "outputs": [
        {
          "name": "stdout",
          "output_type": "stream",
          "text": [
            "[[ 0.10800424  0.05524779  0.06795644  0.09511426  0.08206093  0.09228584\n",
            "   0.08142631  0.07433772  0.08336609 -0.01815862  0.08476276  0.02417363\n",
            "   0.0768035   0.04598336  0.05037096  0.05782219 -0.04950391 -0.08132047\n",
            "   0.03387423  0.03891358 -0.09381188  0.02751092  0.02830806  0.03447208]\n",
            " [ 0.05524779  0.04472599  0.04748574  0.05266973  0.051664    0.05409541\n",
            "   0.05229994  0.05095154  0.05317336  0.03517639  0.04754793  0.04205785\n",
            "   0.04988926  0.04555795  0.04397847  0.04496348  0.02573685  0.01536093\n",
            "   0.03233708  0.03855623  0.01520073  0.0302619   0.03509759  0.03596385]\n",
            " [ 0.06795644  0.04748574  0.05276959  0.06294346  0.06038084  0.06496255\n",
            "   0.0613289   0.05868073  0.06284366  0.02697582  0.05413823  0.04095621\n",
            "   0.0572034   0.04808807  0.04594602  0.04805244  0.00981978 -0.00883855\n",
            "   0.02646438  0.03658657 -0.01003433  0.02273272  0.03036712  0.03219019]\n",
            " [ 0.09511426  0.05266973  0.06294346  0.08474221  0.07458907  0.08290099\n",
            "   0.07424494  0.06855618  0.07591178 -0.0052772   0.07574666  0.02843984\n",
            "   0.07020075  0.04580111  0.04879529  0.0546807  -0.03119157 -0.05766897\n",
            "   0.03370005  0.03889258 -0.06720992  0.02840457  0.03006678  0.03494671]\n",
            " [ 0.08206093  0.051664    0.06038084  0.07458907  0.07696403  0.08528437\n",
            "   0.08132145  0.07764202  0.08545287  0.04090122  0.04968753  0.05562094\n",
            "   0.06943667  0.0629243   0.05024853  0.051438    0.00309392 -0.04020277\n",
            "  -0.01098534  0.02421501 -0.0329609  -0.01964468  0.00978278  0.01108525]\n",
            " [ 0.09228584  0.05409541  0.06496255  0.08290099  0.08528437  0.09559058\n",
            "   0.09047239  0.08582502  0.0954802   0.03865974  0.05276406  0.05774031\n",
            "   0.07610002  0.06723555  0.05223241  0.0539152  -0.00764274 -0.06052543\n",
            "  -0.0215623   0.02070329 -0.05230299 -0.03213884  0.00307573  0.00484863]\n",
            " [ 0.08142631  0.05229994  0.0613289   0.07424494  0.08132145  0.09047239\n",
            "   0.08778803  0.08445879  0.09320883  0.05728418  0.04119724  0.06669692\n",
            "   0.07192653  0.07114185  0.05162011  0.05125416  0.01147737 -0.04212072\n",
            "  -0.03214943  0.0172477  -0.02817673 -0.04286905 -0.00061833 -0.00046139]\n",
            " [ 0.07433772  0.05095154  0.05868073  0.06855618  0.07764202  0.08582502\n",
            "   0.08445879  0.08192493  0.08984793  0.06579977  0.03550753  0.07003085\n",
            "   0.06855139  0.07178949  0.05088534  0.0495239   0.02222806 -0.02939426\n",
            "  -0.03416845  0.01660286 -0.01323164 -0.04449291 -0.00060458 -0.0012522 ]\n",
            " [ 0.08336609  0.05317336  0.06284366  0.07591178  0.08545287  0.0954802\n",
            "   0.09320883  0.08984793  0.09949977  0.06536762  0.03743362  0.0729696\n",
            "   0.07471149  0.07640433  0.05277942  0.05170834  0.01348278 -0.04764151\n",
            "  -0.04558582  0.01281778 -0.02996897 -0.05781067 -0.00755698 -0.00789555]\n",
            " [-0.01815862  0.03517639  0.02697582 -0.0052772   0.04090122  0.03865974\n",
            "   0.05728418  0.06579977  0.06536762  0.21448027 -0.05792761  0.13945142\n",
            "   0.03122452  0.09986212  0.04475416  0.02687688  0.18035536  0.1293164\n",
            "  -0.11097378 -0.00842734  0.19006845 -0.12118157 -0.02544032 -0.03916785]\n",
            " [ 0.08476276  0.04754793  0.05413823  0.07574666  0.04968753  0.05276406\n",
            "   0.04119724  0.03550753  0.03743362 -0.05792761  0.10069171 -0.01159787\n",
            "   0.05363853  0.01274866  0.04173329  0.0522746  -0.04641302 -0.02634568\n",
            "   0.11818221  0.0667408  -0.05974466  0.12219568  0.07342991  0.08160789]\n",
            " [ 0.02417363  0.04205785  0.04095621  0.02843984  0.05562094  0.05774031\n",
            "   0.06669692  0.07003085  0.0729696   0.13945142 -0.01159787  0.10286208\n",
            "   0.04705952  0.08336658  0.04691761  0.03725455  0.10466865  0.05804699\n",
            "  -0.06644223  0.00611698  0.09548469 -0.07576656 -0.00942358 -0.01668499]\n",
            " [ 0.0768035   0.04988926  0.0572034   0.07020075  0.06943667  0.07610002\n",
            "   0.07192653  0.06855139  0.07471149  0.03122452  0.05363853  0.04705952\n",
            "   0.0640749   0.05505079  0.04823198  0.05018435  0.00346977 -0.02763378\n",
            "   0.00900014  0.03081083 -0.02540475  0.00277943  0.02044298  0.0222478 ]\n",
            " [ 0.04598336  0.04555795  0.04808807  0.04580111  0.0629243   0.06723555\n",
            "   0.07114185  0.07178949  0.07640433  0.09986212  0.01274866  0.08336658\n",
            "   0.05505079  0.07438005  0.04794627  0.04260289  0.06523079  0.02151157\n",
            "  -0.04224453  0.01402349  0.04654871 -0.05098837 -0.00054959 -0.00441544]\n",
            " [ 0.05037096  0.04397847  0.04594602  0.04879529  0.05024853  0.05223241\n",
            "   0.05162011  0.05088534  0.05277942  0.04475416  0.04173329  0.04691761\n",
            "   0.04823198  0.04794627  0.0438152   0.0437662   0.03490003  0.02338859\n",
            "   0.025952    0.03646745  0.02630321  0.02364971  0.0326303   0.03268744]\n",
            " [ 0.05782219  0.04496348  0.04805244  0.0546807   0.051438    0.0539152\n",
            "   0.05125416  0.0495239   0.05170834  0.02687688  0.0522746   0.03725455\n",
            "   0.05018435  0.04260289  0.0437662   0.04560151  0.01935881  0.0117581\n",
            "   0.04006478  0.04109361  0.00862431  0.03854464  0.03856004  0.04007633]\n",
            " [-0.04950391  0.02573685  0.00981978 -0.03119157  0.00309392 -0.00764274\n",
            "   0.01147737  0.02222806  0.01348278  0.18035536 -0.04641302  0.10466865\n",
            "   0.00346977  0.06523079  0.03490003  0.01935881  0.19379305  0.19964105\n",
            "  -0.02347835  0.02047234  0.2403186  -0.02230875  0.02242167  0.01006946]\n",
            " [-0.08132047  0.01536093 -0.00883855 -0.05766897 -0.04020277 -0.06052543\n",
            "  -0.04212072 -0.02939426 -0.04764151  0.1293164  -0.02634568  0.05804699\n",
            "  -0.02763378  0.02151157  0.02338859  0.0117581   0.19964105  0.27423305\n",
            "   0.0873642   0.05706128  0.28770588  0.1022826   0.08192528  0.07209621]\n",
            " [ 0.03387423  0.03233708  0.02646438  0.03370005 -0.01098534 -0.0215623\n",
            "  -0.03214943 -0.03416845 -0.04558582 -0.11097378  0.11818221 -0.06644223\n",
            "   0.00900014 -0.04224453  0.025952    0.04006478 -0.02347835  0.0873642\n",
            "   0.25706597  0.1126172   0.02235513  0.27923448  0.14956471  0.15981365]\n",
            " [ 0.03891358  0.03855623  0.03658657  0.03889258  0.02421501  0.02070329\n",
            "   0.0172477   0.01660286  0.01281778 -0.00842734  0.0667408   0.00611698\n",
            "   0.03081083  0.01402349  0.03646745  0.04109361  0.02047234  0.05706128\n",
            "   0.1126172   0.06503764  0.03568977  0.11993499  0.07723395  0.08059142]\n",
            " [-0.09381188  0.01520073 -0.01003433 -0.06720992 -0.0329609  -0.05230299\n",
            "  -0.02817673 -0.01323164 -0.02996897  0.19006845 -0.05974466  0.09548469\n",
            "  -0.02540475  0.04654871  0.02630321  0.00862431  0.2403186   0.28770588\n",
            "   0.02235513  0.03568977  0.32413432  0.03183259  0.05148553  0.03709484]\n",
            " [ 0.02751092  0.0302619   0.02273272  0.02840457 -0.01964468 -0.03213884\n",
            "  -0.04286905 -0.04449291 -0.05781067 -0.12118157  0.12219568 -0.07576656\n",
            "   0.00277943 -0.05098837  0.02364971  0.03854464 -0.02230875  0.1022826\n",
            "   0.27923448  0.11993499  0.03183259  0.30415275  0.16146544  0.172219  ]\n",
            " [ 0.02830806  0.03509759  0.03036712  0.03006678  0.00978278  0.00307573\n",
            "  -0.00061833 -0.00060458 -0.00755698 -0.02544032  0.07342991 -0.00942358\n",
            "   0.02044298 -0.00054959  0.0326303   0.03856004  0.02242167  0.08192528\n",
            "   0.14956471  0.07723395  0.05148553  0.16146544  0.09706849  0.101267  ]\n",
            " [ 0.03447208  0.03596385  0.03219019  0.03494671  0.01108525  0.00484863\n",
            "  -0.00046139 -0.0012522  -0.00789555 -0.03916785  0.08160789 -0.01668499\n",
            "   0.0222478  -0.00441544  0.03268744  0.04007633  0.01006946  0.07209621\n",
            "   0.15981365  0.08059142  0.03709484  0.172219    0.101267    0.10659965]]\n"
          ]
        }
      ],
      "source": [
        "#for alpha - adjust here\n",
        "# (𝑋(𝑋T * 𝑋) -1 * 𝑋T )\n",
        "XT_X_inv_XT_X = np.dot(X_inv_XT_X,X.T)\n",
        "print(XT_X_inv_XT_X)"
      ]
    },
    {
      "cell_type": "code",
      "execution_count": 78,
      "metadata": {
        "colab": {
          "base_uri": "https://localhost:8080/"
        },
        "id": "F13lLEkpGBcD",
        "outputId": "a7a96c94-486e-4984-bad8-2b9bcd857ef2"
      },
      "outputs": [
        {
          "name": "stdout",
          "output_type": "stream",
          "text": [
            "[[-2.15148425e+16  1.10957674e+17 -5.19904436e+16  3.70013214e+16\n",
            "  -1.27696455e+17 -9.42400946e+16 -4.89916622e+16  4.11421816e+16\n",
            "   4.70769241e+16  8.11392986e+15  5.97252328e+14 -3.04145202e+16\n",
            "   4.97891868e+16  1.16270680e+16  5.22333183e+16  2.52166653e+16\n",
            "  -7.02889346e+16  1.25668153e+16 -2.53390405e+16  2.04648436e+17\n",
            "   9.57041147e+15 -4.86325482e+16 -9.70554310e+16  5.62278796e+15]\n",
            " [-1.99981832e+16 -1.67541861e+16  6.05406345e+15  1.64220962e+16\n",
            "  -1.32532676e+15 -3.02447121e+16 -3.14428831e+16  3.02393336e+16\n",
            "   1.61588442e+16  1.22340427e+16  4.37230207e+15  1.09565012e+16\n",
            "  -2.48192610e+14  3.76919588e+15 -7.75749562e+15  1.84381499e+16\n",
            "  -1.71186274e+16  1.75632257e+14  8.66120098e+15  1.35783879e+16\n",
            "  -3.83048700e+15 -4.32290490e+15 -1.87141309e+16  1.06973794e+16]\n",
            " [-5.49026070e+15 -4.11739237e+16  4.66169797e+16 -2.74052137e+16\n",
            "   6.04265555e+16  2.95717704e+16  4.42077871e+16 -2.69938820e+16\n",
            "  -2.25115377e+16 -2.96190614e+16 -3.88309570e+15  3.36042688e+16\n",
            "   1.76283896e+16 -4.07063270e+16 -6.16316380e+16 -2.02919007e+15\n",
            "   5.05716282e+16 -7.87793067e+15 -4.45203001e+15 -8.44674583e+16\n",
            "  -6.38898853e+15  1.21965521e+16  6.80787813e+16  1.72782498e+15]\n",
            " [ 1.79318847e+16 -6.94418065e+16  2.09125914e+16  3.68545136e+15\n",
            "   7.02510950e+16  4.92347717e+16  2.74443723e+16 -3.94775213e+16\n",
            "  -4.30833853e+16  8.45795598e+15 -2.15052990e+16  3.35219829e+15\n",
            "  -4.33304060e+15  1.22639880e+16 -1.78667555e+16 -3.05557902e+16\n",
